#' @export
aoc17_solutions <- list(
  day01a = 995,
  day01b = 1130,
  day02a = 45972,
  day02b = 326,
  day03a = 419,
  day03b = 295229,
  day04a = 383,
  day04b = 265,
  day05a = 342669,
  day05b = 25136209,
  day06a = 6681,
  day06b = 2392,
  day07a = "dgoocsw",
  day07b = 1275,
  day08a = 4832,
  day08b = 5443,
  day09a = 20530,
  day09b = 9978,
  day10a = 13760,
  day10b = "2da93395f1a6bb3472203252e3b17fe5",
  day11a = 796,
  day11b = 1585,
  day12a = 306,
  day12b = 200,
  day13a = 1316,
  day13b = 3840052,
  day14a = 8316,
  day14b = 1074,
  day15a = 594,
  day15b = 328,
  day16a = "glnacbhedpfjkiom",
  day16b = "fmpanloehgkdcbji",
  day17a = 772,
  day17b = 42729050,
  day18a = 1187,
  day18b = 5969,
  day19a = "EOCZQMURF",
  day19b = 16312,
  day20a = 157,
  day20b = 499,
  day21a = 197,
  day21b = 3081737,
  day22a = 5570,
  day22b = 2512022,
  day23a = 3025,
  day23b = 915,
  day24a = 2006,
  day24b = 1994,
  day25a = 2474)
